clean
Unpruned Results
    0   1   2    3   4    5
0  72   8   9    6  20    1
1   7  98   2    7  11    2
2   5   1  51    3   2    9
3   2   2   0  135   2    2
4   5   4   0    3  48    4
5  11  21  18   14  17  120
{'F1': [0.6605504587155964, 0.7509578544061303, 0.6754966887417218, 0.8681672025723473, 0.5853658536585366, 0.7079646017699115], 'recall': [0.6206896551724138, 0.7716535433070866, 0.7183098591549296, 0.9440559440559441, 0.75, 0.5970149253731343], 'precision': [0.7058823529411765, 0.7313432835820896, 0.6375, 0.8035714285714286, 0.48, 0.8695652173913043], 'uneweighted_average_recall': 0.7336206545105847, 'accuracy': 72.57617728531855}

Pruned Results
    0    1   2    3   4    5
0  68    6   7    2  11    1
1  11  106   2    6  11    2
2   4    1  54    2   2    8
3   3    3   1  140   6    2
4  10    6   3   10  58    5
5   6   12  13    8  12  120
{'F1': [0.6903553299492386, 0.7794117647058824, 0.7152317880794701, 0.8668730650154799, 0.6041666666666666, 0.7766990291262136], 'recall': [0.7157894736842105, 0.7681159420289855, 0.7605633802816901, 0.9032258064516129, 0.6304347826086957, 0.7017543859649122], 'precision': [0.6666666666666666, 0.7910447761194029, 0.675, 0.8333333333333334, 0.58, 0.8695652173913043], 'uneweighted_average_recall': 0.7466472951700179, 'accuracy': 75.62326869806094}

