Clean data
Unpruned Results
    0   1   2    3   4    5
0  72   8   9    6  20    1
1   7  98   2    7  11    2
2   5   1  51    3   2    9
3   2   2   0  135   2    2
4   5   4   0    3  48    4
5  11  21  18   14  17  120
{'Recall': [0.6206896551724138, 0.7716535433070866, 0.7183098591549296, 0.9440559440559441, 0.75, 0.5970149253731343], 'Precision': [0.7058823529411765, 0.7313432835820896, 0.6375, 0.8035714285714286, 0.48, 0.8695652173913043], 'Accuracy': 72.57617728531855, 'Unweighted Avg. Recall': 0.7336206545105847, 'F1': [0.6605504587155964, 0.7509578544061303, 0.6754966887417218, 0.8681672025723473, 0.5853658536585366, 0.7079646017699115]}

Pruned Results
    0    1   2    3   4    5
0  68    8   7    3  11    1
1  11  104   2    6  11    2
2   4    1  54    2   2    8
3   3    3   1  139   6    2
4  10    6   3   10  58    5
5   6   12  13    8  12  120
{'Recall': [0.6938775510204082, 0.7647058823529411, 0.7605633802816901, 0.9025974025974026, 0.6304347826086957, 0.7017543859649122], 'Precision': [0.6666666666666666, 0.7761194029850746, 0.675, 0.8273809523809523, 0.58, 0.8695652173913043], 'Accuracy': 75.20775623268699, 'Unweighted Avg. Recall': 0.7423222308043416, 'F1': [0.6799999999999999, 0.7703703703703704, 0.7152317880794701, 0.8633540372670807, 0.6041666666666666, 0.7766990291262136]}

Noisy data
Unpruned Results
    0   1   2   3   4    5
0  23   8  24   3  15    6
1   3  84  13  15  11    4
2  13   9  62  14   8   15
3   3   3   4  81   6    6
4   9   2   5   2  21    5
5  21  24  26  31  22  119
{'Recall': [0.2911392405063291, 0.6461538461538462, 0.512396694214876, 0.7864077669902912, 0.4772727272727273, 0.4897119341563786], 'Precision': [0.3194444444444444, 0.6461538461538462, 0.4626865671641791, 0.5547945205479452, 0.25301204819277107, 0.7677419354838709], 'Accuracy': 54.166666666666664, 'Unweighted Avg. Recall': 0.5338470348824081, 'F1': [0.304635761589404, 0.6461538461538462, 0.4862745098039215, 0.6506024096385542, 0.3307086614173228, 0.5979899497487436]}

Pruned Results
    0   1   2   3   4    5
0  24   8  19   4  14    4
1   7  90  13  14   9    1
2  16   9  67  14   7   17
3   3   3   6  93   8    7
4  11   4   5   3  32    3
5  11  16  24  18  13  123
{'Recall': [0.3287671232876712, 0.6716417910447762, 0.5153846153846153, 0.775, 0.5517241379310345, 0.6], 'Precision': [0.3333333333333333, 0.6923076923076923, 0.5, 0.636986301369863, 0.3855421686746988, 0.7935483870967742], 'Accuracy': 59.583333333333336, 'Unweighted Avg. Recall': 0.5737529446080162, 'F1': [0.33103448275862074, 0.6818181818181818, 0.5075757575757576, 0.6992481203007519, 0.45390070921985815, 0.6833333333333333]}

