Clean data
Unpruned Results
    0   1   2    3   4    5
0  72   8   9    6  20    1
1   7  98   2    7  11    2
2   5   1  51    3   2    9
3   2   2   0  135   2    2
4   5   4   0    3  48    4
5  11  21  18   14  17  120
{'Unweighted Avg. Recall': 0.73362065451058467, 'Recall': [0.62068965517241381, 0.77165354330708658, 0.71830985915492962, 0.94405594405594406, 0.75, 0.59701492537313428], 'Accuracy': 72.576177285318551, 'F1': [0.66055045871559637, 0.75095785440613028, 0.67549668874172175, 0.86816720257234725, 0.58536585365853655, 0.70796460176991149], 'Precision': [0.70588235294117652, 0.73134328358208955, 0.63749999999999996, 0.8035714285714286, 0.47999999999999998, 0.86956521739130432]}

Pruned Results
    0    1   2    3   4    5
0  69    7   7    2  11    1
1  10  106   2    6  11    2
2   4    1  54    2   2    8
3   3    3   1  140   6    2
4  10    6   3   10  58    5
5   6   11  13    8  12  120
{'Unweighted Avg. Recall': 0.7475281927009948, 'Recall': [0.71134020618556704, 0.77372262773722633, 0.76056338028169013, 0.90322580645161288, 0.63043478260869568, 0.70588235294117652], 'Accuracy': 75.76177285318559, 'F1': [0.6934673366834172, 0.78228782287822873, 0.71523178807947008, 0.86687306501547989, 0.60416666666666663, 0.77922077922077926], 'Precision': [0.67647058823529416, 0.79104477611940294, 0.67500000000000004, 0.83333333333333337, 0.57999999999999996, 0.86956521739130432]}

Noisy data
Unpruned Results
    0   1   2   3   4   5
0  16  30  10  31  13  23
1  17  19  15  28  23  37
2   7  12   6  17  12  16
3  22  23  15  37  15  18
4  11   9   6  12   3   5
5  29  41  28  42  34  38
{'Unweighted Avg. Recall': 0.14692738215798476, 'Recall': [0.13008130081300814, 0.1366906474820144, 0.085714285714285715, 0.2846153846153846, 0.065217391304347824, 0.17924528301886791], 'Accuracy': 16.527777777777779, 'F1': [0.14222222222222222, 0.1391941391941392, 0.080000000000000002, 0.24915824915824913, 0.041095890410958902, 0.2177650429799427], 'Precision': [0.15686274509803921, 0.1417910447761194, 0.074999999999999997, 0.22155688622754491, 0.029999999999999999, 0.27737226277372262]}

Pruned Results
    0   1   2   3   4   5
0  13  23  11  30  10  18
1  13  20  18  30  28  35
2  10  20   9  15  12  17
3  24  34  16  43  20  29
4  15   9   6  12   4   7
5  27  28  20  37  26  31
{'Unweighted Avg. Recall': 0.14817865716540243, 'Recall': [0.12380952380952381, 0.1388888888888889, 0.10843373493975904, 0.25903614457831325, 0.075471698113207544, 0.18343195266272189], 'Accuracy': 16.666666666666664, 'F1': [0.12560386473429952, 0.14388489208633093, 0.11042944785276074, 0.25825825825825821, 0.052287581699346407, 0.20261437908496732], 'Precision': [0.12745098039215685, 0.14925373134328357, 0.1125, 0.25748502994011974, 0.040000000000000001, 0.22627737226277372]}

