Clean data
Unpruned Results
    0   1   2    3   4    5
0  72   8   9    6  20    1
1   7  98   2    7  11    2
2   5   1  51    3   2    9
3   2   2   0  135   2    2
4   5   4   0    3  48    4
5  11  21  18   14  17  120
{'Precision': [0.70588235294117652, 0.73134328358208955, 0.63749999999999996, 0.8035714285714286, 0.47999999999999998, 0.86956521739130432], 'Recall': [0.62068965517241381, 0.77165354330708658, 0.71830985915492962, 0.94405594405594406, 0.75, 0.59701492537313428], 'F1': [0.66055045871559637, 0.75095785440613028, 0.67549668874172175, 0.86816720257234725, 0.58536585365853655, 0.70796460176991149], 'Unweighted Avg. Recall': 0.73362065451058467, 'Accuracy': 72.576177285318551}

Pruned Results
    0    1   2    3   4    5
0  68    8   7    3  11    1
1  11  104   2    6  11    2
2   4    1  54    2   2    8
3   3    3   1  139   6    2
4  10    6   3   10  58    5
5   6   12  13    8  12  120
{'Precision': [0.66666666666666663, 0.77611940298507465, 0.67500000000000004, 0.82738095238095233, 0.57999999999999996, 0.86956521739130432], 'Recall': [0.69387755102040816, 0.76470588235294112, 0.76056338028169013, 0.90259740259740262, 0.63043478260869568, 0.70175438596491224], 'F1': [0.67999999999999994, 0.77037037037037037, 0.71523178807947008, 0.86335403726708071, 0.60416666666666663, 0.77669902912621358], 'Unweighted Avg. Recall': 0.74232223080434157, 'Accuracy': 75.20775623268699}

Noisy data
Unpruned Results
    0   1   2   3   4   5
0  16  30  10  31  13  23
1  17  19  15  29  24  37
2   7  12   5  16  11  14
3  22  22  16  38  15  18
4  11  10   6  11   3   5
5  29  41  28  42  34  40
{'Precision': [0.15686274509803921, 0.1417910447761194, 0.0625, 0.22754491017964071, 0.029999999999999999, 0.29197080291970801], 'Recall': [0.13008130081300814, 0.13475177304964539, 0.076923076923076927, 0.29007633587786258, 0.065217391304347824, 0.18691588785046728], 'F1': [0.14222222222222222, 0.13818181818181816, 0.068965517241379309, 0.25503355704697989, 0.041095890410958902, 0.2279202279202279], 'Unweighted Avg. Recall': 0.14732762763640136, 'Accuracy': 16.805555555555557}

Pruned Results
    0   1   2   3   4   5
0  13  23   8  30  11  18
1  13  20  20  29  27  35
2  10  20  10  15  12  17
3  24  34  17  44  21  29
4  15   9   5  12   4   7
5  27  28  20  37  25  31
{'Precision': [0.12745098039215685, 0.14925373134328357, 0.125, 0.26347305389221559, 0.040000000000000001, 0.22627737226277372], 'Recall': [0.12621359223300971, 0.1388888888888889, 0.11904761904761904, 0.26035502958579881, 0.076923076923076927, 0.18452380952380953], 'F1': [0.12682926829268293, 0.14388489208633093, 0.12195121951219512, 0.26190476190476192, 0.052631578947368425, 0.20327868852459019], 'Unweighted Avg. Recall': 0.15099200270036717, 'Accuracy': 16.944444444444446}

