Clean data
Unpruned Results
    0   1   2    3   4    5
0  68  10   7    1   9    2
1   6  98   4    4  11    5
2   4   0  56    3   3   10
3   2   4   0  134   4    4
4   5   4   1    1  32    2
5  13  22  24   17  24  128
{'Recall': [0.7010309278350515, 0.765625, 0.7368421052631579, 0.9054054054054054, 0.7111111111111111, 0.5614035087719298], 'Precision': [0.6938775510204082, 0.7101449275362319, 0.6086956521739131, 0.8375, 0.3855421686746988, 0.847682119205298], 'Accuracy': 71.46814404432132, 'Unweighted Avg. Recall': 0.7302363430644426, 'F1': [0.6974358974358974, 0.736842105263158, 0.6666666666666666, 0.8701298701298702, 0.5, 0.6754617414248022]}

Pruned Results
    0    1   2    3   4    5
0  72    7   7    0  10    0
1   8  109   3    3  11    5
2   3    1  63    1   3    8
3   2    5   3  145   4    2
4   9    7   1    1  42    2
5   4    9  15   10  13  134
{'Recall': [0.75, 0.7841726618705036, 0.7974683544303798, 0.9006211180124224, 0.6774193548387096, 0.7243243243243244], 'Precision': [0.7346938775510204, 0.7898550724637681, 0.6847826086956522, 0.90625, 0.5060240963855421, 0.8874172185430463], 'Accuracy': 78.25484764542936, 'Unweighted Avg. Recall': 0.7723343022460566, 'F1': [0.7422680412371135, 0.7870036101083032, 0.736842105263158, 0.9034267912772586, 0.5793103448275863, 0.7976190476190477]}

Noisy data
Unpruned Results
    0   1   2    3   4    5
0  26  14  18    6  13    3
1   6  81  14   13   6    6
2   8   7  59   15   5   15
3   3   4   5  103   2   10
4   9   0   6    3  32    9
5  18  21  31   10  22  117
{'Recall': [0.325, 0.6428571428571429, 0.5412844036697247, 0.8110236220472441, 0.5423728813559322, 0.5342465753424658], 'Precision': [0.37142857142857144, 0.6377952755905512, 0.44360902255639095, 0.6866666666666666, 0.4, 0.73125], 'Accuracy': 58.05555555555556, 'Unweighted Avg. Recall': 0.5661307708787516, 'F1': [0.3466666666666667, 0.6403162055335968, 0.4876033057851239, 0.7436823104693141, 0.460431654676259, 0.6174142480211081]}

Pruned Results
    0   1   2    3   4    5
0  26  10  14    4   9    2
1   7  87  10   11   7    3
2  12  11  72    9   7   13
3   4   5   8  113   3    9
4   8   4  11    3  35    8
5  13  10  18   10  19  125
{'Recall': [0.4, 0.696, 0.5806451612903226, 0.795774647887324, 0.5072463768115942, 0.6410256410256411], 'Precision': [0.37142857142857144, 0.6850393700787402, 0.5413533834586466, 0.7533333333333333, 0.4375, 0.78125], 'Accuracy': 63.61111111111111, 'Unweighted Avg. Recall': 0.6034486378358136, 'F1': [0.3851851851851852, 0.6904761904761905, 0.5603112840466926, 0.773972602739726, 0.4697986577181208, 0.7042253521126761]}

