Clean data
Unpruned Results
    0    1   2    3   4    5
0  70   12  10    2  12    0
1   8  104   3    8  12    9
2   3    0  46    4   3   16
3   1    4   1  133   4    5
4   5    5   0    1  50    4
5  15   17  15   15  16  109
{'Accuracy': 70.91412742382272, 'Precision': [0.68627450980392157, 0.73239436619718312, 0.61333333333333329, 0.81595092024539873, 0.51546391752577314, 0.76223776223776218], 'Recall': [0.660377358490566, 0.72222222222222221, 0.63888888888888884, 0.89864864864864868, 0.76923076923076927, 0.58288770053475936], 'Unweighted Avg. Recall': 0.71204259800264236, 'F1': [0.67307692307692313, 0.72727272727272718, 0.62585034013605434, 0.85530546623794212, 0.61728395061728403, 0.66060606060606053]}

Pruned Results
    0    1   2    3   4    5
0  69    5   4    1   8    0
1   9  111   1    7  12    3
2   3    0  53    5   2   14
3   4    8   1  139   7    5
4   8    8   0    1  60    6
5   9   10  16   10   8  115
{'Accuracy': 75.76177285318559, 'Precision': [0.67647058823529416, 0.78169014084507038, 0.70666666666666667, 0.85276073619631898, 0.61855670103092786, 0.80419580419580416], 'Recall': [0.7931034482758621, 0.77622377622377625, 0.68831168831168832, 0.84756097560975607, 0.72289156626506024, 0.68452380952380953], 'Unweighted Avg. Recall': 0.7521025440349921, 'F1': [0.73015873015873012, 0.77894736842105261, 0.69736842105263153, 0.85015290519877673, 0.66666666666666663, 0.73954983922829576]}

Noisy data
Unpruned Results
    0   1   2   3   4    5
0  18   8  20   8  15    7
1   8  89   7   8   5    4
2  12   5  53  12   9   15
3   1   3   9  93   2   11
4  10   1   7   0  28    6
5  24  26  32  20  24  120
{'Accuracy': 55.694444444444443, 'Precision': [0.24657534246575341, 0.6742424242424242, 0.4140625, 0.65957446808510634, 0.33734939759036142, 0.73619631901840488], 'Recall': [0.23684210526315788, 0.73553719008264462, 0.5, 0.78151260504201681, 0.53846153846153844, 0.48780487804878048], 'Unweighted Avg. Recall': 0.54669305281635638, 'F1': [0.24161073825503357, 0.70355731225296436, 0.45299145299145299, 0.7153846153846154, 0.41481481481481475, 0.58679706601466985]}

Pruned Results
    0   1   2    3   4    5
0  21   6  12    7  18    4
1  12  90  10    6   3    5
2  14   8  59    7   8   15
3   4   3  11  105   3   12
4  12   3  10    0  37    4
5  10  22  26   16  14  123
{'Accuracy': 60.416666666666664, 'Precision': [0.28767123287671231, 0.68181818181818177, 0.4609375, 0.74468085106382975, 0.44578313253012047, 0.754601226993865], 'Recall': [0.30882352941176472, 0.7142857142857143, 0.53153153153153154, 0.76086956521739135, 0.56060606060606055, 0.58293838862559244], 'Unweighted Avg. Recall': 0.5765091316130091, 'F1': [0.29787234042553185, 0.69767441860465118, 0.49372384937238495, 0.75268817204301086, 0.49664429530201343, 0.65775401069518713]}

